  0.50000915489232489     
   1.5000091548923002     
   2.5000091548921537     
   3.5000091548923251     
   4.5000091548923065     
   5.5000091548922541     
   6.5000091548922825     
   7.5000091548922487     
   8.5000091548923216     
   9.5000091548921333     
   10.500009154892213     
   11.500009154892201     
   12.500009154892258     
   13.500009154892311     
   14.500009154892258     
   15.500009154892249     
   16.500009154892261     
   17.500009154892258     
   18.500009154892254     
   19.500009154892286     
   20.500009154892197     
   21.500009154892236     
   22.500009154892201     
   23.500009154892261     
   24.500009154892524     
   25.500009154894258     
   26.500009154903456     
   27.500009154950529     
   28.500009155179900     
   29.500009156237837     
   30.500009160861200     
   31.500009180011293     
   32.500009255202698     
   33.500009535068322     
   34.500010522335394     
   35.500013821896204     
   36.500024262942183     
   37.500055516824034     
   38.500143903878183     
   39.500379659379853     
   40.500971441370503     
   41.502365499758142     
   42.505437318854177     
   43.511746740633221     
   44.523789038652779     
   45.545106589536822     
   46.580116134901338     
   47.633617276694352     
   48.710135356963782     
   49.813361923484500     
   50.945885166993001     
   52.109224557703328     
   53.304052028924374     
   54.530462643516763     
   55.788208446173179     
   57.076866224736733     
   58.395943727034513     
   59.744940538652436     
   61.123379626862068     
   62.530821475490356     
   63.966868571017280     
   65.431164899529392     
   66.923393101492195     
   68.443270720488769     
   69.990546287815278     
   71.564995600413283     
   73.166418343289450     
   74.794635100736244     
   76.449484748198188     
   78.130822193229150     
   79.838516425715582     
   81.572448836824577     
   83.332511768907011     
   85.118607262729469     
   86.930645972854805     
   88.768546226196037     
   90.632233202577297     
   92.521638219410605     
   94.436698105422650     
   96.377354650727781     
   98.343554122543594     
   100.33524683749913     
   102.35238678288610     
   104.39493128035352     
   106.46284068652113     
   108.55607812579927     
   110.67460925137969     
   112.81840203093675     
   114.98742655406276     
   117.18165485886496     
   119.40106077550240     
   121.64561978473014     
   123.91530888977397     
   126.21010650006906     
   128.52999232558031     
   130.87494728058456     
   133.24495339592227     
   135.63999373885389     
   138.06005233974972     
   140.50511412493501     
   142.97516485508970     
   145.47019106866426     
   147.99018002983908     
   150.53511968059820     
   153.10499859654504     
   155.69980594611081     
   158.31953145286059     
   160.96416536061423     
   163.63369840114694     
   166.32812176423562     
   169.04742706986002     
   171.79160634237491     
   174.56065198648679     
   177.35455676489144     
   180.17331377743511     
   183.01691644167386     
   185.88535847472698     
   188.77863387631390     
   191.69673691289049     
   194.63966210278977     
   197.60740420230073     
   200.59995819260152     
   203.61731926749354     
   206.65948282186497     
   209.72644444083650     
   212.81819988953146     
   215.93474510342901     
   219.07607617924663     
   222.24218936632346     
   225.43308105845028     
   228.64874778612781     
   231.88918620919884     
   235.15439310984485     
   238.44436538588954     
   241.75910004441292     
   245.09859419560726     
   248.46284504689424     
   251.85184989722367     
   255.26560613158819     
   258.70411121565451     
   262.16736269056935     
   265.65535816781914     
   269.16809532421632     
   272.70557189687065     
   276.26778567824067     
   279.85473451109243     
   283.46641628348198     
   287.10282892354877     
   290.76397039428252     
   294.44983868796623     
   298.16043182053369     
   301.89574782544122     
   305.65578474736401     
   309.44054063520599     
   313.25001353481156     
   317.08420148071423     
   320.94310248743085     
   324.82671453940299     
   328.73503558027295     
   332.66806350025371     
   336.62579612253467     
   340.60823118699267     
   344.61536633249938     
   348.64719907538705     
   352.70372678585346     
   356.78494665882880     
   360.89085568177461     
   365.02145059437669     
   369.17672784361309     
   373.35668352673014     
   377.56131332711379     
   381.79061243176261     
   386.04457543759952     
   390.32319622912587     
   394.62646783808447     
   398.95438225730209     
   403.30693022466500     
   407.68410093158741     
   412.08588168020543     
   416.51225741178865     
   420.96321014357915     
   425.43871817718917     
   429.93875513568696     
   434.46328857648490     
   439.01227826523382     
   443.58567361970341     
   448.18341043941740     
   452.80540615004463     
   457.45154866981517     
   462.12173472298565     
   466.81528761714429     
   471.53593502179035     
   476.25024953301806     
   481.13147474130170     
   485.28919875416796     
   491.82792500934409     
   493.57861578879726     
   506.85856692733955     
   507.15837860570878     
